296217028895100596785704895132502333533045130165114577343448265793942220615707859996559248687671450426890276572374230621654480300851501555796620774175002000585574362622003314933153119011598058864406732063707925937471648439951799503525544290538150979346898922897057835980982976679408923392726902293797105950859

358193994755345913071822951440439198672000318006957975662947008644786755027297715491979322070539546692175232605768649128113778767557857172355758901261212802152375273829130673416594624302982168795712792097129340709039083575112035652517631148359266656676618609509582777200456351320352536318753746394791930728127

342684424544945493161032170979531499012783582036550043380977844066227338445829762174538513498692506667638042208004158533854160657915846145419578432933167749893880715229387539033726661824155361377278735772413580790761966179791604586194327423163175339213250703851364307621686642098476862961531334171157093471459

280111282065680706713589743649368011011708289994446251165184001885664359187372061492685037553235582294724065726535411107194045572270198209687460407009192888013888945936204714130572632416463009208622435037673833470734570115457013865120307733421428512412356773667297564955562894446931480192657432122102907753273

296128448877073764712938801289412923167030195353360691629822661260110100354426937781639250018641517179390575582387375502257378986970135954784106363290855909099162231608116950219431117083892667928486819198814159119055118336622698749576255563899453100226977295749550107672672962531702486097149044376396457159599

331252206271173393320671679638258872397524776512706946994626641518589527149863976533639611187433764534120313000403959166347796110435391501825319142756178547883205140496740382177624887101635873179887850176412152561760472858946785005811351912301567863751614310728533728465987809814739800316339596256590287259063

199176519679524593328168415308235043716317012531499808051645864386085296394601857551951323870370382398553572202649879342693058629647095998182075540348296714485574894475468184091720813346031234453020014506179788307959516644111979443871235952342238746219041023820535214582999942596068700917633563890847584648197

263293479207324361369766992102844094944274537908068301251516280297132641231481872766206399780503653395179431430671971619164462755562045212528603342847255612991809383770803148395870963593313611976258518309234190878039142828721030279088269606889329068151367599859390813857280596651441553190164628801565609319187

290094142375899624624543749822076072510092835497208965419222028443748278417889794460312447010551890528927602214767148191010133130518470881332583008032657049832905512450329739746341295369462338348219153788101328206275055260739938282790329150946846431549468365343928066394663120266283427259982934689268639007919

250967591999227657826035737101213190249364889593209500926828905337003986874210364637932820538143817283987165842706253714923770699474187521582136375564316109395344938206965824403323324542081796263603391438279496119389028258246917648843191985598346234715847035235717058523812623113392891270205429811723774700237
